date,différence,nuitées
2018-01-01,-90308.5,94459
2018-01-02,-60816,33643
2018-01-03,-1831,31812
2018-01-04,-2282,29530
2018-01-05,-6063,23467
2018-01-06,-8524,14943
2018-01-07,-6442,8501
2018-01-08,-347,8154
2018-01-09,949,9103
2018-01-10,672,9775
2018-01-11,-442,9333
2018-01-12,4487,13820
2018-01-13,2868,16688
2018-01-14,-7852,8836
2018-01-15,1206,10042
2018-01-16,495,10537
2018-01-17,289,10826
2018-01-18,-463,10363
2018-01-19,8236,18599
2018-01-20,2685,21284
2018-01-21,-9624,11660
2018-01-22,-4732,6928
2018-01-23,914,7842
2018-01-24,4053,11895
2018-01-25,1826,13721
2018-01-26,8834,22555
2018-01-27,4426,26981
2018-01-28,-12117,14864
2018-01-29,-1932,12932
2018-01-30,-2482,10450
2018-01-31,3243,13693
2018-02-01,666,14359
2018-02-02,11241,25600
2018-02-03,2157,27757
2018-02-04,-15588,12169
2018-02-05,5640,17809
2018-02-06,-773,17036
2018-02-07,1352,18388
2018-02-08,-594,17794
2018-02-09,12700,30494
2018-02-10,15808,46302
2018-02-11,-1982,44320
2018-02-12,-11767,32553
2018-02-13,-2627,29926
2018-02-14,2330,32256
2018-02-15,-1069,31187
2018-02-16,2426,33613
2018-02-17,3760,37373
2018-02-18,-3883,33490
2018-02-19,938,34428
2018-02-20,-875,33553
2018-02-21,-3741,29812
2018-02-22,4323,34135
2018-02-23,2036,36171
2018-02-24,6374,42545
2018-02-25,-7503,35042
2018-02-26,-1396,33646
2018-02-27,-4541,29105
2018-02-28,-749,28356
2018-03-01,8491,36847
2018-03-02,-3433,33414
2018-03-03,817,34231
2018-03-04,-16202,18029
2018-03-05,7780,25809
2018-03-06,6172,31981
2018-03-07,561,32542
2018-03-08,-1435,31107
2018-03-09,6452,37559
2018-03-10,-10491,27068
2018-03-11,-8090,18978
2018-03-12,3606,22584
2018-03-13,-772,21812
2018-03-14,-16748,5064
2018-03-15,5683,10747
2018-03-16,20345,31092
2018-03-17,1424,32516
2018-03-18,-15690,16826
2018-03-19,-445,16381
2018-03-20,-1338,15043
2018-03-21,56,15099
2018-03-22,2710,17809
2018-03-23,3953,21762
2018-03-24,4807,26569
2018-03-25,-8280,18289
2018-03-26,-1229,17060
2018-03-27,211,17271
2018-03-28,4437,21708
2018-03-29,10053,31761
2018-03-30,6103,37864
2018-03-31,15590,53454
2018-04-01,-12595,40859
2018-04-02,-18792,22067
2018-04-03,1463,23530
2018-04-04,-227,23303
2018-04-05,-772,22531
2018-04-06,1719,24250
2018-04-07,-3113,21137
2018-04-08,-6593,14544
2018-04-09,-415,14129
2018-04-10,2601,16730
2018-04-11,-791,15939
2018-04-12,523,16462
2018-04-13,5956,22418
2018-04-14,939,23357
2018-04-15,-5114,18243
2018-04-16,2809,21052
2018-04-17,3160,24212
2018-04-18,3845,28057
2018-04-19,2540,30597
2018-04-20,-546,30051
2018-04-21,-4947,25104
2018-04-22,-7203,17901
2018-04-23,443,18344
2018-04-24,-5759,12585
2018-04-25,392,12977
2018-04-26,406,13383
2018-04-27,488,13871
2018-04-28,5550,19421
2018-04-29,-1843,17578
2018-04-30,8409,25987
2018-05-01,1606,27593
2018-05-02,165,27758
2018-05-03,-3671,24087
2018-05-04,8499,32586
2018-05-05,5467,38053
2018-05-06,-26827,11226
2018-05-07,26601,37827
2018-05-08,-4787,33040
2018-05-09,1091,34131
2018-05-10,2104,36235
2018-05-11,3350,39585
2018-05-12,-8218,31367
2018-05-13,-10055,21312
2018-05-14,2672,23984
2018-05-15,-735,23249
2018-05-16,657,23906
2018-05-17,10538,34444
2018-05-18,11105,45549
2018-05-19,-5796,39753
2018-05-20,-33719,6034
2018-05-21,-3842,2192
2018-05-22,22292,24484
2018-05-23,1496,25980
2018-05-24,-6403,19577
2018-05-25,-11124,8453
2018-05-26,955,9408
2018-05-27,-2483,6925
2018-05-28,20298,27223
2018-05-29,-1136,26087
2018-05-30,-820,25267
2018-05-31,-2075,23192
2018-06-01,-831,22361
2018-06-02,4600,26961
2018-06-03,-5463,21498
2018-06-04,3211,24709
2018-06-05,1377,26086
2018-06-06,1382,27468
2018-06-07,798,28266
2018-06-08,4948,33214
2018-06-09,-930,32284
2018-06-10,-7658,24626
2018-06-11,1562,26188
2018-06-12,-564,25624
2018-06-13,-999,24625
2018-06-14,2812,27437
2018-06-15,2098,29535
2018-06-16,4378,33913
2018-06-17,-4471,29442
2018-06-18,6575,36017
2018-06-19,-3748,32269
2018-06-20,-1543,30726
2018-06-21,2519,33245
2018-06-22,2982,36227
2018-06-23,4236,40463
2018-06-24,-5764,34699
2018-06-25,1922,36621
2018-06-26,-3903,32718
2018-06-27,2112,34830
2018-06-28,2487,37317
2018-06-29,2409,39726
2018-06-30,7847,47573
2018-07-01,-12246,35327
2018-07-02,-850,34477
2018-07-03,-401,34076
2018-07-04,-462,33614
2018-07-05,1097,34711
2018-07-06,7286,41997
2018-07-07,2300,44297
2018-07-08,-6133,38164
2018-07-09,1755,39919
2018-07-10,44,39963
2018-07-11,3178,43141
2018-07-12,885,44026
2018-07-13,6506,50532
2018-07-14,8241,58773
2018-07-15,-10582,48191
2018-07-16,2593,50784
2018-07-17,-2110,48674
2018-07-18,1892,50566
2018-07-19,1877,52443
2018-07-20,2292,54735
2018-07-21,6158,60893
2018-07-22,-2145,58748
2018-07-23,11798,70546
2018-07-24,7480,78026
2018-07-25,405,78431
2018-07-26,-355,78076
2018-07-27,-10642,67434
2018-07-28,-5663,61771
2018-07-29,-8462,53309
2018-07-30,2699,56008
2018-07-31,1644,57652
2018-08-01,330,57982
2018-08-02,-3138,54844
2018-08-03,581,55425
2018-08-04,8345,63770
2018-08-05,88,63858
2018-08-06,-18738,45120
2018-08-07,21052,66172
2018-08-08,-1383,64789
2018-08-09,-767,64022
2018-08-10,-1165,62857
2018-08-11,10250,73107
2018-08-12,-3108,69999
2018-08-13,3969,73968
2018-08-14,9304,83272
2018-08-15,-7185,76087
2018-08-16,-10001,66086
2018-08-17,6670,72756
2018-08-18,2350,75106
2018-08-19,-5202,69904
2018-08-20,1227,71131
2018-08-21,1214,72345
2018-08-22,-4684,67661
2018-08-23,-770,66891
2018-08-24,-1613,65278
2018-08-25,-7627,57651
2018-08-26,-10386,47265
2018-08-27,-5860,41405
2018-08-28,-258,41147
2018-08-30,-3349,37798
2018-08-31,363,38161
2018-09-01,5370,43531
2018-09-02,-5847,37684
2018-09-03,898,38582
2018-09-04,-12700,25882
2018-09-05,4842,30724
2018-09-06,11626,42350
2018-09-07,4000,46350
2018-09-08,2629,48979
2018-09-09,-14836,34143
2018-09-10,5096,39239
2018-09-11,3091,42330
2018-09-12,-1331,40999
2018-09-13,-4489,36510
2018-09-14,6909,43419
2018-09-15,215,43634
2018-09-16,-9925,33709
2018-09-17,1227,34936
2018-09-18,2298,37234
2018-09-19,-1667,35567
2018-09-20,4928,40495
2018-09-21,2548,43043
2018-09-22,-1063,41980
2018-09-23,-11902,30078
2018-09-24,-3272,26806
2018-09-25,3682,30488
2018-09-26,-5836,24652
2018-09-27,4765,29417
2018-09-28,4260,33677
2018-09-29,1507,35184
2018-09-30,-10632,24552
2018-10-01,2318,26870
2018-10-02,10550,37420
2018-10-03,-711,36709
2018-10-04,785,37494
2018-10-05,3498,40992
2018-10-06,-7205,33787
2018-10-07,-12816,20971
2018-10-08,705,21676
2018-10-09,1379,23055
2018-10-10,5070,28125
2018-10-11,2861,30986
2018-10-12,9343,40329
2018-10-13,1653,41982
2018-10-14,-21070,20912
2018-10-15,-255,20657
2018-10-16,1887,22544
2018-10-17,-1233,21311
2018-10-18,216,21527
2018-10-19,3825,25352
2018-10-20,3840,29192
2018-10-21,-6023,23169
2018-10-22,937,24106
2018-10-23,341,24447
2018-10-24,-161,24286
2018-10-25,-1304,22982
2018-10-26,8854,31836
2018-10-27,8079,39915
2018-10-28,-22709,17206
2018-10-29,3246,20452
2018-10-30,-958,19494
2018-10-31,2157,21651
2018-11-01,5913,27564
2018-11-02,697,28261
2018-11-03,-5705,22556
2018-11-04,-14299,8257
2018-11-05,3531,11788
2018-11-06,-738,11050
2018-11-07,-165,10885
2018-11-08,-270,10615
2018-11-09,1806,12421
2018-11-10,1395,13816
2018-11-11,-3171,10645
2018-11-12,225,10870
2018-11-13,-50,10820
2018-11-14,-852,9968
2018-11-15,194,10162
2018-11-16,2017,12179
2018-11-17,343,12522
2018-11-18,-7279,5243
2018-11-19,3804,9047
2018-11-20,-1043,8004
2018-11-21,153,8157
2018-11-22,-29,8128
2018-11-23,2103,10231
2018-11-24,463,10694
2018-11-25,-3957,6737
2018-11-26,655,7392
2018-11-27,31,7423
2018-11-28,-836,6587
2018-11-29,45,6632
2018-11-30,1554,8186
2018-12-01,2694,10880
2018-12-02,-4304,6576
2018-12-04,-378,6198
2018-12-05,1163,7361
2018-12-06,2438,9799
2018-12-07,4311,14110
2018-12-08,343,14453
2018-12-09,-8102,6351
2018-12-10,-499,5852
2018-12-11,-223,5629
2018-12-12,-634,4995
2018-12-13,1097,6092
2018-12-14,1720,7812
2018-12-15,1922,9734
2018-12-16,-3431,6303
2018-12-17,725,7028
2018-12-18,219,7247
2018-12-19,404,7651
2018-12-20,1072,8723
2018-12-21,6559,15282
2018-12-22,19673,34955
2018-12-23,7945,42900
2018-12-24,10122,53022
2018-12-25,-6573,46449
2018-12-26,3421,49870
2018-12-27,1113,50983
2018-12-28,1475,52458
2018-12-29,8160,60618
2018-12-30,-292,60326
2018-12-31,10852,71178
